00000000000000000000000000000000
00000000000000000000000000000000
00000000000000000000000000000000
00000000000000000000000000000000
00000000000011111110000000000000
00000000000011111110000000000000
00000000000011111110000000000000
00000000000011111110000000000000
00000000000011111110000000000000
00000000000000010000000000000000
00000000001111111111100000000000
00000000001111111111100000000000
00000000001110010011100000000000
00000011101110010011101110000000
00000011111110010011111110000000
00000011101110000011101110000000
00000000001110000011100000000000
00000000001111111111100000000000
00000000001111111111100000000000
00000000000000010000000000000000
00000000000000111000000000000000
00000000000000111000000000000000
00000000000000111000000000000000
00000000000000000000000000000000
00000000000000000000000000000000
00000000000000000000000000000000
00000000000000000000000000000000
00000000000000000000000000000000
00000000000000000000000000000000
00000000000000000000000000000000
00000000000000000000000000000000
00000000000000000000000000000000

208 Endfight Trigger
470 FightTrigger
458 FightTrigger
624 FightTrigger
400 FightTrigger
472 Artefact
456 Artefact
688 Artefact



